-254,-288,7968,-42,61,-32

-230,-300,8056,-43,70,-14

-674,-1442,7894,-2462,-15933,6492

114,448,8986,3431,32136,13037

5756,-2996,11044,-19345,-314,4840

4366,-1196,11312,6738,-32768,-14
22

10168,232,11748,-27403,-10122,6560

9022,-312,10730,2176,32767,5303

5572,-1950,11992,-1516,-32768,-9579

-2904,-594,7570,721,-32768,-2186
5

-1408,1290,6174,6199,16253,8823

4738,-3356,9280,-7197,25497,6454

2238,1838,12376,13739,-26066,-229

918,-2518,9726,-8756,32767,14634

6598,-3674,5954,-5050,-428,13227

-4322,244,10460,3655,-3991,-14350

-9508,-830,7362,5840,-6012,7501

11456,-686,11136,-11078,32767,17573

204,-260,8398,-3577,7533,759

1628,124,9380,7404,-7521,-4385

-5298,1612,8972,-15647,24506,-24
86

