
-1.46,-0.01,10.12,-19.98,245.09
,49.51

-3.66,-0.49,10.07,-86.87,242.42,
-4.77

1.28,-1.08,11.52,35.65,242.43,26
.33

-4.90,-1.81,13.00,-35.46,242.42,
-48.88

-1.62,-0.17,6.66,-52.08,242.43,-
4.68

5.78,-1.04,13.06,-29.07,221.24,2
9.16

-2.86,1.90,7.82,-13.53,3.83,-43.
28

3.76,-2.31,12.68,61.94,242.43,27
.86

-8.47,-1.03,10.18,-64.13,242.42,
-28.59

1.61,-1.74,13.61,87.46,242.43,23
.97

-8.68,0.95,10.48,-130.24,242.42,
74.05

1.81,-4.04,11.73,-39.63,242.43,2
.48

-8.65,-3.68,9.21,19.28,242.42,-7
.48

-2.07,-0.75,11.33,70.03,242.43,-
69.03

10.80,-3.25,12.17,-20.44,-51.22,
3.34

0.71,0.50,11.77,-21.58,242.42,82
.42

-2.95,-3.47,9.39,-69.46,242.43,3
9.76

15.94,-3.15,13.94,-79.73,93.41,1
5.57

-4.32,1.36,4.79,66.83,90.06,17.4
6

2.97,-0.95,13.95,-60.20,242.43,-
93.48

0.68,-1.45,13.77,-102.50,242.42,
121.95

-2.18,-3.74,11.77,-21.63,242.43,
3.30

2.86,-2.14,12.85,-52.89,242.42,1
16.56

-3.07,2.28,10.91,-160.08,-152.72
,-95.34

15.55,-3.24,12.51,-167.73,195.30
,43.01

-3.82,2.95,7.20,93.19,118.73,22.
62

0.10,-1.58,13.24,-56.41,242.43,-
106.35

16.97,-0.99,16.96,-20.41,90.49,-
19.07

-6.58,0.98,9.47,-31.31,242.42,53
.39

-1.94,-5.68,10.12,-9.43,242.43,-
7.46

0.40,0.76,14.50,-45.03,242.42,69
.52

-3.05,0.42,12.02,-64.14,242.43,-
6.25

5.90,0.76,15.98,-47.69,242.42,19
.73

-7.06,3.51,8.07,-34.58,-67.19,-6
